0.60    0.60    1.26341
0.60    0.65    1.23599
0.60    0.70    1.22103
0.60    0.75    1.19561
0.60    0.80    1.15204
0.60    0.85    1.1053
0.60    0.90    1.03395
0.60    0.9499  0.90323
0.65    0.60    1.25729
0.65    0.65    1.23961
0.65    0.70    1.21809
0.65    0.75    1.18507
0.65    0.80    1.14697
0.65    0.85    1.08422
0.65    0.90    1.00864
0.65    0.9499  0.8852
0.70    0.60    1.24198
0.70    0.65    1.2212
0.70    0.70    1.18896
0.70    0.75    1.16822
0.70    0.80    1.12343
0.70    0.85    1.07539
0.70    0.90    1
0.70    0.9499  0.869401
0.75    0.60    1.24195
0.75    0.65    1.20467
0.75    0.70    1.18029
0.75    0.75    1.15074
0.75    0.80    1.11174
0.75    0.85    1.06427
0.75    0.90    0.984147
0.75    0.9499  0.848066
0.80    0.60    1.22125
0.80    0.65    1.20718
0.80    0.70    1.16656
0.80    0.75    1.13126
0.80    0.80    1.09321
0.80    0.85    1.04292
0.80    0.90    0.967611
0.80    0.9499  0.832379
0.85    0.60    1.20649
0.85    0.65    1.18101
0.85    0.70    1.16324
0.85    0.75    1.12053
0.85    0.80    1.08284
0.85    0.85    1.03826
0.85    0.90    0.949151
0.85    0.9499  0.81722
0.90    0.60    1.19797
0.90    0.65    1.17368
0.90    0.70    1.1495
0.90    0.75    1.12186
0.90    0.80    1.07025
0.90    0.85    1.02155
0.90    0.90    0.936322
0.90    0.9499  0.802061
0.9499  0.60    1.19113
0.9499  0.65    1.15741
0.9499  0.70    1.12983
0.9499  0.75    1.09714
0.9499  0.80    1.05635
0.9499  0.85    1.00017
0.9499  0.90    0.922227
0.9499  0.9499  0.782631
