0.6     0.6     1.33109
0.6     0.65    1.29906
0.6     0.7     1.26284
0.6     0.75    1.22093
0.6     0.8     1.17309
0.6     0.85    1.11303
0.6     0.9     1.0365
0.6     0.9499  0.9127
0.65    0.6     1.31574
0.65    0.65    1.28057
0.65    0.7     1.24477
0.65    0.75    1.20369
0.65    0.8     1.15487
0.65    0.85    1.09631
0.65    0.9     1.01861
0.65    0.9499  0.893223
0.7     0.6     1.29964
0.7     0.65    1.26648
0.7     0.7     1.22934
0.7     0.75    1.18569
0.7     0.8     1.13787
0.7     0.85    1.07947
0.7     0.9     1
0.7     0.9499  0.875118
0.75    0.6     1.28561
0.75    0.65    1.24996
0.75    0.7     1.2136
0.75    0.75    1.17067
0.75    0.8     1.12147
0.75    0.85    1.06242
0.75    0.9     0.982635
0.75    0.9499  0.858309
0.8     0.6     1.26863
0.8     0.65    1.23401
0.8     0.7     1.19848
0.8     0.75    1.15525
0.8     0.8     1.10617
0.8     0.85    1.04628
0.8     0.9     0.9676
0.8     0.9499  0.84254
0.85    0.6     1.25646
0.85    0.65    1.21852
0.85    0.7     1.18233
0.85    0.75    1.1395
0.85    0.8     1.09019
0.85    0.85    1.02936
0.85    0.9     0.94991536
0.85    0.9499  0.827247
0.9     0.6     1.23859
0.9     0.65    1.20428
0.9     0.7     1.16535
0.9     0.75    1.12325
0.9     0.8     1.07415
0.9     0.85    1.01472
0.9     0.9     0.937003
0.9     0.9499  0.812691
0.9499  0.6     1.22247
0.9499  0.65    1.18851
0.9499  0.7     1.15043
0.9499  0.75    1.10888
0.9499  0.8     1.05894
0.9499  0.85    1.0015
0.9499  0.9     0.922952
0.9499  0.9499  0.799091
