0.6     0.6     1.07846
0.6     0.65    1.07039
0.6     0.7     1.05722
0.6     0.75    1.04273
0.6     0.8     1.01999
0.6     0.85    1
0.6     0.9     0.98005
0.6     0.9499  0.963155
0.65    0.6     1.07459
0.65    0.65    1.06155
0.65    0.7     1.04092
0.65    0.75    1.01971
0.65    0.8     1.00855
0.65    0.85    0.986994
0.65    0.9     0.965711
0.65    0.9499  0.941537
0.7     0.6     1.05596
0.7     0.65    1.0425
0.7     0.7     1.02407
0.7     0.75    1.00985
0.7     0.8     0.990741
0.7     0.85    0.971366
0.7     0.9     0.944307
0.7     0.9499  0.920056
0.75    0.6     1.03963
0.75    0.65    1.02559
0.75    0.7     1.01257
0.75    0.75    0.98904
0.75    0.8     0.972123
0.75    0.85    0.947126
0.75    0.9     0.930423
0.75    0.9499  0.899661
0.8     0.6     1.0249
0.8     0.65    1.01182
0.8     0.7     0.991772
0.8     0.75    0.978678
0.8     0.8     0.949002
0.8     0.85    0.931246
0.8     0.9     0.90801
0.8     0.9499  0.885212
0.85    0.6     1.01033
0.85    0.65    0.994081
0.85    0.7     0.972518
0.85    0.75    0.955316
0.85    0.8     0.938854
0.85    0.85    0.913638
0.85    0.9     0.889694
0.85    0.9499  0.867857
0.9     0.6     0.994345
0.9     0.65    0.977504
0.9     0.7     0.955239
0.9     0.75    0.939781
0.9     0.8     0.916364
0.9     0.85    0.89756
0.9     0.9     0.871543
0.9     0.9499  0.845701
0.9499  0.6     0.976928
0.9499  0.65    0.956819
0.9499  0.7     0.939748
0.9499  0.75    0.920769
0.9499  0.8     0.900923
0.9499  0.85    0.881044
0.9499  0.9     0.855948
0.9499  0.9499  0.827501
